0 0 0
1 -0.01963939344580414 0.0001
2 -0.003810733169867665 0.0002
3 -0.005777338126455588 0.0003
4 -0.006999998132869664 0.0004
5 -0.008111908785347906 0.0005
6 -0.009157673105692975 0.0006000000000000001
7 -0.01013268971177137 0.0007
8 -0.01103670711146861 0.0008
9 -0.01187112480320337 0.0009000000000000001
10 -0.01272615517610395 0.001
11 -0.01359414089109659 0.0011
12 -0.01443475856526646 0.0012
13 -0.01520807070702492 0.0013
14 -0.01618673290011315 0.0014
15 -0.01715860049726992 0.0015
16 -0.01808963023020895 0.0016
17 -0.01903432520221194 0.0017
18 -0.0199897098403824 0.0018
19 -0.02125231292640001 0.0019
20 -0.02253736027998816 0.002
21 -0.0238388114502004 0.0021
22 -0.02520117406828688 0.0022
23 -0.02664692759924559 0.0023
24 -0.02821582478881994 0.0024
25 -0.02989946499174298 0.0025
26 -0.03154309822049006 0.0026
27 -0.03324546585767427 0.0027
28 -0.03476329381440672 0.0028
29 -0.03619050513552637 0.0029
30 -0.03750874375321086 0.003
31 -0.03889167921995797 0.0031
32 -0.04029295066316795 0.0032
33 -0.04161226419863593 0.0033
34 -0.04286456900305732 0.0034
35 -0.04411425812217223 0.0035
36 -0.04525492126088617 0.0036
37 -0.04629644952228448 0.0037
38 -0.04726846856606241 0.0038
39 -0.04806911922939612 0.0039
40 -0.04878110197006372 0.004
41 -0.04937639955973493 0.0041
42 -0.04991566887515742 0.004200000000000001
43 -0.05035009943702052 0.0043
44 -0.05071441307461148 0.0044
45 -0.05099004815882904 0.004500000000000001
46 -0.05120099563717116 0.0046
47 -0.05128822226731186 0.0047
48 -0.05122963566314408 0.0048
49 -0.05112726423207104 0.0049
50 -0.05090701428317256 0.005
51 -0.05057962952208962 0.0051
52 -0.05012307036367825 0.005200000000000001
53 -0.04957246256125077 0.0053
54 -0.04891347440672555 0.0054
55 -0.04815674950057391 0.005500000000000001
56 -0.047290188743404 0.0056
57 -0.04632573127733123 0.0057
58 -0.04522266487838641 0.0058
59 -0.0440568962894014 0.0059
60 -0.04276118034667906 0.006
61 -0.04136265649441752 0.0061
62 -0.0398359557794254 0.006200000000000001
63 -0.03822893253065895 0.0063
64 -0.03645227022254656 0.0064
65 -0.03457850395336722 0.006500000000000001
66 -0.03258566386020769 0.0066
67 -0.03052836815011524 0.0067
68 -0.02833986618840186 0.0068
69 -0.02605673209283297 0.006900000000000001
70 -0.02370287607599221 0.007
71 -0.02134683335980004 0.0071
72 -0.01884352082717186 0.007200000000000001
73 -0.01618528483532799 0.0073
74 -0.01358225402156774 0.0074
75 -0.01077486910240473 0.007500000000000001
76 -0.007900579690000329 0.0076
77 -0.004990819651520526 0.0077
78 -0.002007445261341289 0.007800000000000001
79 0.001049565335152657 0.007900000000000001
80 0.004110656208632886 0.008
81 0.007162473169418486 0.0081
82 0.0101614618767976 0.008200000000000001
83 0.01324885566759253 0.0083
84 0.01613149295351647 0.008400000000000001
85 0.01903140315278619 0.008500000000000001
86 0.02186204339070267 0.0086
87 0.02459154301632061 0.008700000000000001
88 0.02713438024371918 0.008800000000000001
89 0.02955712478822145 0.0089
90 0.03186631740452903 0.009000000000000001
91 0.03403734948966172 0.0091
92 0.0361042705320019 0.0092
93 0.03797851229831603 0.009300000000000001
94 0.03968637853626287 0.0094
95 0.04119488590938335 0.0095
96 0.04242309068700093 0.009600000000000001
97 0.04355031421233178 0.0097
98 0.04442101516716365 0.0098
99 0.0450671460559899 0.009900000000000001
100 0.04550398176279003 0.01
101 0.04568204215999962 0.0101
102 0.04563216858873972 0.0102
103 0.04535538930675905 0.0103
104 0.04478819561769857 0.0104
105 0.04399193941990328 0.0105
106 0.04293070114690155 0.0106
107 0.04160346195234546 0.0107
108 0.04000229897006297 0.0108
109 0.03818633673998405 0.0109
110 0.03613980115639614 0.011
111 0.03381843670031931 0.0111
112 0.0313774808611738 0.0112
113 0.02860979851791586 0.0113
114 0.0256809916581965 0.0114
115 0.02253834335482633 0.0115
116 0.01922218377678436 0.0116
117 0.01572885465893522 0.0117
118 0.01206386598717995 0.0118
119 0.008326122326544073 0.0119
120 0.004393670000020191 0.012
121 0.0003649958364568852 0.0121
122 -0.003760960904344494 0.0122
123 -0.008033167213040976 0.0123
124 -0.01243075161060665 0.0124
125 -0.01676691904808402 0.0125
126 -0.02114978857693435 0.0126
127 -0.0254898545880513 0.0127
128 -0.02983354812529951 0.0128
129 -0.03414866706853875 0.0129
130 -0.03836961832222027 0.013
131 -0.04251047948504566 0.0131
132 -0.04647330582967427 0.0132
133 -0.05028050462830039 0.0133
134 -0.05391959850094209 0.0134
135 -0.05739385925602714 0.0135
136 -0.06068884366072833 0.0136
137 -0.06371952018710544 0.0137
138 -0.06644735431033566 0.0138
139 -0.06902567932255782 0.0139
140 -0.0712266781793862 0.014
141 -0.07310328363887118 0.0141
142 -0.07462079443567819 0.0142
143 -0.07581614116720763 0.0143
144 -0.07658760399240794 0.0144
145 -0.07699974749636317 0.0145
146 -0.0770004329976586 0.0146
147 -0.07659234606925477 0.0147
148 -0.07576833100417366 0.0148
149 -0.07450467635344624 0.0149
150 -0.07282744545046489 0.015
151 -0.07075181305811032 0.0151
152 -0.06821197078543159 0.0152
153 -0.06530235675661046 0.0153
154 -0.06200200935518012 0.0154
155 -0.05824041020868138 0.0155
156 -0.05417825352640516 0.0156
157 -0.04973032686940039 0.0157
158 -0.04495480408707689 0.0158
159 -0.03986164611066852 0.0159
160 -0.03439377839777168 0.016
161 -0.02874379267283139 0.0161
162 -0.02275015026451248 0.0162
163 -0.01661045684647795 0.0163
164 -0.01029926677075692 0.0164
165 -0.003861979145218722 0.0165
166 0.00264268593415675 0.0166
167 0.009229903501061515 0.0167
168 0.01573165216987191 0.0168
169 0.02222100508784321 0.0169
170 0.02859054842200843 0.017
171 0.03480895974446698 0.0171
172 0.04079957143070248 0.0172
173 0.04652478781493103 0.0173
174 0.05198162534661753 0.0174
175 0.05700862917946257 0.0175
176 0.06168131027574792 0.0176
177 0.06588247413471988 0.0177
178 0.06953467410796348 0.0178
179 0.07267204383120793 0.0179
180 0.07521519597505204 0.018
181 0.07720270696886597 0.0181
182 0.07857913129268716 0.0182
183 0.0793337940836312 0.0183
184 0.07938018220730833 0.0184
185 0.07878886725231724 0.0185
186 0.07763552495099671 0.0186
187 0.07577883044386387 0.0187
188 0.07338628443513057 0.0188
189 0.07043200310922536 0.0189
190 0.06695782519975055 0.019
191 0.06297116350031479 0.0191
192 0.05847848381708107 0.0192
193 0.05357064707979935 0.0193
194 0.04823032098692224 0.0194
195 0.04254723335609413 0.0195
196 0.03651088138575991 0.0196
197 0.03028139722329324 0.0197
198 0.02384916108202135 0.0198
199 0.01725150363389423 0.0199
200 0.01055451981251127 0.02
201 0.003800361641522142 0.0201
202 -0.002958372251058911 0.0202
203 -0.009630296678470322 0.0203
204 -0.01619210698758015 0.0204
205 -0.02258864979901512 0.0205
206 -0.02875708460497083 0.0206
207 -0.03466962064967533 0.0207
208 -0.04023086104527351 0.0208
209 -0.04546377750696824 0.0209
210 -0.05025696488661637 0.021
211 -0.05457001585300914 0.0211
212 -0.05844573339854391 0.0212
213 -0.06175145144532163 0.0213
214 -0.06451665355809884 0.0214
215 -0.06673573480161434 0.0215
216 -0.06837410146546406 0.0216
217 -0.0694382502368959 0.0217
218 -0.06992227506822558 0.0218
219 -0.06979248576626994 0.0219
220 -0.0690937124469003 0.022
221 -0.06784613441494358 0.0221
222 -0.06604931590603073 0.0222
223 -0.06377056202627475 0.0223
224 -0.06101800372222533 0.0224
225 -0.05780744742657539 0.0225
226 -0.05420489093985095 0.0226
227 -0.05021799575098591 0.0227
228 -0.04590212798814652 0.0228
229 -0.04130192907355382 0.0229
230 -0.03642217072424681 0.023
231 -0.03132275313599204 0.0231
232 -0.02604220266660585 0.0232
233 -0.02062592306181182 0.0233
234 -0.01511042325279837 0.0234
235 -0.009546835563717628 0.0235
236 -0.003973728591917612 0.0236
237 0.00155614931213556 0.0237
238 0.007045871169192172 0.0238
239 0.01240237826288811 0.0239
240 0.01757002292337021 0.024
241 0.02251974746182298 0.0241
242 0.02719725746885927 0.0242
243 0.03159512760513059 0.0243
244 0.03566535780949696 0.0244
245 0.03939622984930373 0.0245
246 0.04276161703351721 0.0246
247 0.0457055961236336 0.0247
248 0.04823250250290114 0.0248
249 0.05028725739602544 0.0249
250 0.05185000902932341 0.025
251 0.05294169739060904 0.0251
252 0.05355539841098161 0.0252
253 0.05366260485945708 0.0253
254 0.05331172795696702 0.0254
255 0.05246874726589443 0.0255
256 0.05120118457351408 0.0256
257 0.04951695372680285 0.0257
258 0.04738724720910861 0.0258
259 0.04483934912312604 0.0259
260 0.04187704329909997 0.026
261 0.03852596523210531 0.0261
262 0.03479634396368161 0.0262
263 0.03073837565667026 0.0263
264 0.02639586493074974 0.0264
265 0.02177308280541683 0.0265
266 0.01697463572934468 0.0266
267 0.01197129792289046 0.0267
268 0.006818890578133062 0.0268
269 0.00158511709208611 0.0269
270 -0.003722012398792147 0.027
271 -0.00903782327317632 0.0271
272 -0.01433214651894596 0.0272
273 -0.01963200748401544 0.0273
274 -0.02478950532767284 0.0274
275 -0.0298116696773939 0.0275
276 -0.03464227144489114 0.0276
277 -0.03923689201833376 0.0277
278 -0.04358357390354736 0.0278
279 -0.04764375144767564 0.0279
280 -0.05134046895552841 0.028
281 -0.05464094229506293 0.0281
282 -0.05755248150225994 0.0282
283 -0.06005313583528532 0.0283
284 -0.06211663908630063 0.0284
285 -0.0637151306235216 0.0285
286 -0.06484533909139926 0.0286
287 -0.06548188056672094 0.0287
288 -0.0655760058262719 0.0288
289 -0.06513714256138173 0.0289
290 -0.06420695592613453 0.029
291 -0.06278391359923713 0.0291
292 -0.06090977297310597 0.0292
293 -0.05860075805600358 0.0293
294 -0.05584259740786831 0.0294
295 -0.05270401714472921 0.0295
296 -0.04918735230101115 0.0296
297 -0.04532186974451514 0.0297
298 -0.04110858952952805 0.0298
299 -0.03661758772247097 0.0299
300 -0.03185314222898044 0.03
301 -0.02686755726113684 0.0301
302 -0.02167988676880683 0.0302
303 -0.01633091173587282 0.0303
304 -0.01087701103405684 0.0304
305 -0.00534233402424871 0.0305
306 0.0002322826014628297 0.0306
307 0.005826340656210406 0.0307
308 0.01138019086843401 0.0308
309 0.01681411654226125 0.0309
310 0.02211144091340633 0.031
311 0.02717235363941078 0.0311
312 0.03201542944184005 0.0312
313 0.03654915743366358 0.0313
314 0.04074850797428901 0.0314
315 0.04456546456882047 0.0315
316 0.0479990419592573 0.0316
317 0.05099213139666742 0.0317
318 0.05354170576298659 0.0318
319 0.05560013907090652 0.0319
320 0.05715185008825113 0.032
321 0.05814419928533237 0.0321
322 0.05859568648075861 0.0322
323 0.05857889588792645 0.0323
324 0.05799423277278958 0.0324
325 0.05689804759104992 0.0325
326 0.05534668431781828 0.0326
327 0.05330932754108392 0.0327
328 0.05080499564674723 0.0328
329 0.04786118554000349 0.0329
330 0.04447206639451063 0.033
331 0.04066659790471587 0.0331
332 0.03647999278227933 0.0332
333 0.03196194859657107 0.0333
334 0.02712711566833942 0.0334
335 0.0220348805252759 0.0335
336 0.01668860253173278 0.0336
337 0.0111494958137467 0.0337
338 0.00544294405626784 0.0338
339 -0.0003732375531107628 0.0339
340 -0.006256664211505402 0.034
341 -0.01214354245126041 0.0341
342 -0.01797080579358516 0.0342
343 -0.02371989859105484 0.0343
344 -0.02937700829291174 0.0344
345 -0.03480556344889719 0.0345
346 -0.03999999569867663 0.0346
347 -0.04491512189227468 0.0347
348 -0.04955260415419634 0.0348
349 -0.05380380293157674 0.0349
350 -0.0576688338675985 0.035
351 -0.06107106684167481 0.0351
352 -0.06404119633075391 0.0352
353 -0.06650438724830558 0.0353
354 -0.06848765234464882 0.0354
355 -0.06994268633239922 0.0355
356 -0.07087390733261942 0.0356
357 -0.07120927912475315 0.0357
358 -0.07101441974669574 0.0358
359 -0.07025692769860595 0.0359
360 -0.06895708762003347 0.036
361 -0.06713000283016564 0.0361
362 -0.06480898318979987 0.0362
363 -0.06201384044020791 0.0363
364 -0.05881374690553658 0.0364
365 -0.05515561775727944 0.0365
366 -0.05113305098105404 0.0366
367 -0.04675870796966574 0.0367
368 -0.0420506187656727 0.0368
369 -0.03703403269728436 0.0369
370 -0.03175895134507008 0.03700000000000001
371 -0.026287992701559 0.0371
372 -0.02061314626668234 0.0372
373 -0.01483157082052478 0.0373
374 -0.008974160042040229 0.0374
375 -0.003112836534492542 0.0375
376 0.002757220258279131 0.0376
377 0.008612097750371174 0.0377
378 0.01434058981376857 0.0378
379 0.01992488475749869 0.0379
380 0.02532469642615517 0.038
381 0.03046264418927303 0.0381
382 0.03531061041043956 0.0382
383 0.03980047212241353 0.0383
384 0.04392480470580728 0.0384
385 0.04765277588304748 0.0385
386 0.05091968281437883 0.0386
387 0.05373409151419976 0.03870000000000001
388 0.05605434116630314 0.0388
389 0.05783361208937833 0.0389
390 0.05906232494641212 0.039
391 0.0597165348426442 0.0391
392 0.05983864135154735 0.0392
393 0.05943809244608911 0.0393
394 0.05848063673135165 0.0394
395 0.05698239900568451 0.0395
396 0.05497143634334953 0.0396
397 0.05248158498491366 0.0397
398 0.04953829466838561 0.0398
399 0.04615055721143356 0.0399
400 0.04229725459655008 0.04
401 0.03807409555893734 0.0401
402 0.0334914017264236 0.0402
403 0.02859017751354396 0.0403
404 0.02339010774948942 0.04040000000000001
405 0.01795352495199332 0.0405
406 0.01233032775612377 0.0406
407 0.006513824692317886 0.0407
408 0.0006035247823599944 0.0408
409 -0.005410159378866634 0.0409
410 -0.011485854884513 0.041
411 -0.0175341086808385 0.0411
412 -0.02354269680841084 0.0412
413 -0.02942224854412967 0.0413
414 -0.03516511382003413 0.0414
415 -0.04064493410756675 0.0415
416 -0.04582951186278754 0.04160000000000001
417 -0.05068692632251465 0.0417
418 -0.0551949076918597 0.0418
419 -0.05931351990595991 0.0419
420 -0.06296895086479079 0.042
421 -0.06618519342227717 0.04210000000000001
422 -0.06889957319422504 0.0422
423 -0.0711165049910579 0.0423
424 -0.07279128103557096 0.0424
425 -0.07390410626929211 0.0425
426 -0.07445254770838163 0.0426
427 -0.07438628058004511 0.0427
428 -0.07376599278258983 0.0428
429 -0.07259755471668534 0.0429
430 -0.07090048316461667 0.043
431 -0.06872171126087782 0.0431
432 -0.06609247903201612 0.0432
433 -0.06297907765012595 0.04330000000000001
434 -0.05939741003539497 0.0434
435 -0.05540901521034709 0.0435
436 -0.05102268296682505 0.0436
437 -0.04630547722996414 0.0437
438 -0.04126052465524906 0.0438
439 -0.03593200576482664 0.0439
440 -0.03034043011777184 0.044
441 -0.0246004078239832 0.0441
442 -0.01868342602547453 0.0442
443 -0.01268539673046367 0.0443
444 -0.006610485064929015 0.0444
445 -0.0005044516097524346 0.0445
446 0.005575641201391001 0.0446
447 0.01162166609456713 0.0447
448 0.01752359731107372 0.0448
449 0.02317484648910625 0.0449
450 0.02860581752901376 0.04500000000000001
451 0.03375845243742181 0.0451
452 0.03856555766499133 0.0452
453 0.0430193418417564 0.0453
454 0.04706022101471127 0.0454
455 0.05068865592180861 0.0455
456 0.0538503724993955 0.0456
457 0.05650639560824258 0.0457
458 0.05865201741982251 0.0458
459 0.0602613943467637 0.0459
460 0.06127907105924854 0.046
461 0.06174313086293901 0.0461
462 0.06166685407254299 0.0462
463 0.06103327811925136 0.0463
464 0.05984308820565188 0.0464
465 0.05810689171169271 0.0465
466 0.05583780250824752 0.0466
467 0.05308756040270215 0.04670000000000001
468 0.04988780429444716 0.0468
469 0.04619198075180589 0.0469
470 0.04205350640072433 0.047
471 0.03755192155941568 0.0471
472 0.03269847311253134 0.0472
473 0.02754107843371684 0.0473
474 0.0220894809565796 0.0474
475 0.01638949688973836 0.0475
476 0.01052504042715497 0.0476
477 0.004470719885505928 0.0477
478 -0.001656986565939923 0.0478
479 -0.007874827994718354 0.04790000000000001
480 -0.01407584898834832 0.048
481 -0.02026905717247108 0.0481
482 -0.0263643532237212 0.0482
483 -0.03233427295508343 0.0483
484 -0.03812147384156297 0.04840000000000001
485 -0.04364638130026304 0.0485
486 -0.04888008732095218 0.0486
487 -0.05381253680867507 0.0487
488 -0.05833870479892406 0.0488
489 -0.06246046683572131 0.0489
490 -0.06609098856657283 0.049
491 -0.06922022230973272 0.0491
492 -0.07185858082710782 0.0492
493 -0.07395885297893383 0.0493
494 -0.0754794891198146 0.0494
495 -0.07640393264353822 0.0495
496 -0.07674355272595076 0.04960000000000001
497 -0.0764846686910821 0.0497
498 -0.07565415039734089 0.0498
499 -0.07423088708670282 0.0499
500 -0.0723124198487449 0.05
